v3.0 hex words addressed
00: E04F000F E2802005 E280300C E2437009 E1874002 E0035004 E0855004 E0558007
08: 0A00000C E0538004 AA000000 E2805000 E0578002 B2857001 E0477002 E5837054
10: E5902060 E08FF000 E280200E EA000001 E280200D E280200A E5802064 00000000
18: 00000000 00000000 00000000 00000000 00000000 00000000 00000000 00000000
20: 00000000 00000000 00000000 00000000 00000000 00000000 00000000 00000000
28: 00000000 00000000 00000000 00000000 00000000 00000000 00000000 00000000
30: 00000000 00000000 00000000 00000000 00000000 00000000 00000000 00000000
38: 00000000 00000000 00000000 00000000 00000000 00000000 00000000 00000000
40: 00000000 00000000 00000000 00000000 00000000 00000000 00000000 00000000
48: 00000000 00000000 00000000 00000000 00000000 00000000 00000000 00000000
50: 00000000 00000000 00000000 00000000 00000000 00000000 00000000 00000000
58: 00000000 00000000 00000000 00000000 00000000 00000000 00000000 00000000
60: 00000000 00000000 00000000 00000000 00000000 00000000 00000000 00000000
68: 00000000 00000000 00000000 00000000 00000000 00000000 00000000 00000000
70: 00000000 00000000 00000000 00000000 00000000 00000000 00000000 00000000
78: 00000000 00000000 00000000 00000000 00000000 00000000 00000000 00000000
80: 00000000 00000000 00000000 00000000 00000000 00000000 00000000 00000000
88: 00000000 00000000 00000000 00000000 00000000 00000000 00000000 00000000
90: 00000000 00000000 00000000 00000000 00000000 00000000 00000000 00000000
98: 00000000 00000000 00000000 00000000 00000000 00000000 00000000 00000000
a0: 00000000 00000000 00000000 00000000 00000000 00000000 00000000 00000000
a8: 00000000 00000000 00000000 00000000 00000000 00000000 00000000 00000000
b0: 00000000 00000000 00000000 00000000 00000000 00000000 00000000 00000000
b8: 00000000 00000000 00000000 00000000 00000000 00000000 00000000 00000000
c0: 00000000 00000000 00000000 00000000 00000000 00000000 00000000 00000000
c8: 00000000 00000000 00000000 00000000 00000000 00000000 00000000 00000000
d0: 00000000 00000000 00000000 00000000 00000000 00000000 00000000 00000000
d8: 00000000 00000000 00000000 00000000 00000000 00000000 00000000 00000000
e0: 00000000 00000000 00000000 00000000 00000000 00000000 00000000 00000000
e8: 00000000 00000000 00000000 00000000 00000000 00000000 00000000 00000000
f0: 00000000 00000000 00000000 00000000 00000000 00000000 00000000 00000000
f8: 00000000 00000000 00000000 00000000 00000000 00000000 00000000 00000000
